MY_ACCOUNT_ID = 0.0.14493
MY_PRIVATE_KEY = b33efaaa07d1b7a533e520eea27d9f1fd05da6c4510c5744f5fab0806175236e
MY_PUBLIC_KEY = b8c2f4f260e5eefa50aa236b11a31c59f6dcb4df238b8449c9e5ff9ab1de0cd8

ACCOUNT_1_ID = 0.0.3503426
ACCOUNT_1_PRIVATE_KEY = 302e020100300506032b6570042204206f4619da04c4b72cfd0b8057cee4700791bb376f1b903cbe2cf1dafa368fcf61
ACCOUNT_1_PUBLIC_KEY = 302a300506032b6570032100fb821ff31be0c5d972b67da244254973cc7fef4a21e8b23fe8a80031e28ce48d

ACCOUNT_2_ID = 0.0.3503427
ACCOUNT_2_PRIVATE_KEY = 302e020100300506032b657004220420b0195b0d8dc454304718a63746a3a493268af6f218efb48ac0d7c1e7b0401b5f
ACCOUNT_2_PUBLIC_KEY = 302a300506032b6570032100734397a75efd0eeda9d0b833d404f7c71d01a55ec9b5364067606036ab45676a

ACCOUNT_3_ID = 0.0.3503428
ACCOUNT_3_PRIVATE_KEY = 302e020100300506032b65700422042000bfb5e7d60a2b5554d18dab2b0838f1b71d53ac12505f360f1fbfe76f10227c
ACCOUNT_3_PUBLIC_KEY = 302a300506032b657003210098d46a02cb6ca461cedcb3e765790c01b8b371559429f0a5c0d2e46b584574e8

ACCOUNT_4_ID = 0.0.3503429
ACCOUNT_4_PRIVATE_KEY = 302e020100300506032b657004220420fcb408a348e3d1b5b874c7a3078bba2eb18520daaa3c0a33741127369b352364
ACCOUNT_4_PUBLIC_KEY = 302a300506032b65700321007cf5afac2f618ae688c28f83a2fd1d57f4a3f0fe0aff403afd6b56f7982b14d4

ACCOUNT_5_ID = 0.0.3503430
ACCOUNT_5_PRIVATE_KEY = 302e020100300506032b657004220420e258546de3c4d6264d1fb18d7a726b8fea29dd9bb23f456fd963ce2c5edd8876
ACCOUNT_5_PUBLIC_KEY = 302a300506032b65700321009c9a3bed4debbf3ad536df469b2074dda1995915808af9ed36ed38ecf4b29241

MULTISIG_ACCOUNT_ID = 0.0.3506916
